zoom:-252.501999
alpha:171.000000
beta:38.000000
x:120.000000
y:120.000000
xgoto:120.000000
ygoto:120.000000
