zoom:-611.800659
alpha:354.000000
beta:85.000000
x:250.000000
y:250.000000
xgoto:250.000000
ygoto:250.000000
