zoom:-97.000023
alpha:91.000000
beta:31.000000
x:155.000000
y:145.000000
xgoto:155.000000
ygoto:145.000000
