zoom:-733.399780
alpha:1.000000
beta:79.000000
x:250.000000
y:250.000000
xgoto:250.000000
ygoto:250.000000
