zoom:-139.699936
alpha:355.000000
beta:40.000000
x:150.000000
y:150.000000
xgoto:150.000000
ygoto:150.000000
